 0.931784 -1.828746 -13.406534
 2.464141 -0.432151 -12.142665
 -1.454280 3.361510 -9.365138
 -0.273840 -0.847907 -11.400169
 4.466970 1.115052 -9.449687
 1.615417 3.223712 -9.778473
 0.685117 3.101611 -9.329001
 3.676325 -1.946202 -11.088433
 2.548694 -0.671608 -11.327922
 4.109935 1.667889 -9.472911
 1.148666 -1.960970 -11.658760
 5.237587 -3.318371 -12.401462
 4.139050 -2.443719 -11.087411
 4.025199 2.721048 -9.027231
 4.087309 2.348407 -9.049963
 4.216381 1.139192 -9.486955
 0.743764 -1.080322 -11.596348
 -1.038730 3.421178 -9.573631
 -2.277222 -1.313638 -10.333622
 4.024487 3.076632 -9.022263
 0.340622 0.979246 -10.811541
 4.640348 -0.801111 -10.291396
 -0.960976 -0.932571 -10.601120
 0.803180 -0.543831 -11.382247
 0.073190 -0.959454 -11.627450
 -0.822394 -0.601283 -11.144903
 0.363019 -1.850106 -11.623552
 1.818746 -2.297045 -11.525155
 -1.914906 -1.631364 -12.117282
 3.305310 -2.486687 -11.303652
 2.851887 -0.975067 -11.270662
 -0.751238 -1.659747 -11.233505
 -1.579716 -0.352362 -10.377069
 3.141788 -2.463682 -12.255549
 -2.988166 -0.304554 -9.529799
 -3.161414 -1.222114 -9.282224
 -7.143026 5.607193 -19.326100
 0.267392 -1.340879 -11.563205
 -6.539601 4.013111 -17.438863
 4.652331 -1.616171 -10.658505
 1.933709 -0.885434 -11.336443
 2.204461 -1.502108 -11.198497
 1.712090 -1.248399 -11.413933
 -1.112593 2.147898 -9.958240
 2.639940 -1.368209 -11.257432
 -2.937474 -0.904554 -9.555523
 1.884831 3.225676 -9.571646
 -0.665729 3.458670 -9.646155
 1.212392 3.307962 -9.391194
 -2.357507 -0.882256 -10.477114
 0.914281 1.050996 -10.837128
 -1.996090 -0.107424 -9.610104
 1.451221 0.249424 -10.895692
 -0.112814 0.299247 -11.098614
 2.652415 3.089375 -9.499640
 -3.170755 -0.924907 -9.472759
 -1.498292 -1.092415 -12.305242
 -2.421734 0.030556 -9.225068
 -2.322676 1.735438 -9.904180
 1.330417 -1.505289 -11.701150
 2.396174 3.390787 -9.568220
 1.713276 0.720131 -10.823142
 -1.298763 -0.019295 -9.657996
 0.175326 1.743729 -10.619868
 4.177110 2.201450 -9.031589
 1.397784 -1.172747 -11.568992
 5.863835 -3.848056 -12.677795
 3.118510 -2.170681 -11.721454
 2.875389 -0.632204 -10.991513
 1.818653 -2.070830 -11.585195
 -3.161408 -1.241348 -9.342264
 -3.120502 1.294158 -8.840905
 -1.935589 1.339139 -12.324087
 0.432266 3.156280 -10.492352
 0.635304 2.796178 -10.483600
 -0.993503 2.031548 -14.224339
 1.667685 0.960285 -10.789903
 -1.914926 2.707304 -10.041566
 2.233149 3.100488 -9.924725
 3.322948 -0.795140 -11.124796
 0.110172 2.063560 -10.641903
 -0.791623 -0.030233 -11.369367
 4.574087 -1.192714 -10.558107
 4.324996 -0.780713 -10.712928
 1.213696 -0.176786 -11.027463
 1.803347 -0.064969 -10.889802
 -1.259269 2.930000 -9.206981
 0.985499 2.975075 -10.063869
 -3.178609 1.022488 -9.023418
 1.449359 2.069519 -10.557330
 -0.265207 1.625094 -10.602884
 3.109870 0.275438 -10.813340
 0.672649 0.269898 -10.864451
 -1.139937 -0.479425 -10.274117
 -1.152208 0.203564 -8.365796
 1.408866 -0.660476 -11.201038
 0.927557 2.013560 -10.782777
 3.020907 2.309415 -10.416053
 -1.001693 -1.161562 -8.780800
 -0.339028 -0.312847 -10.516153
 -0.370535 -2.220389 -14.240926
 4.056578 -2.230503 -11.095212
 -2.508830 2.201642 -10.158363
 2.813693 2.600599 -9.130833
 -0.768733 2.672731 -8.549592
 0.911460 0.559826 -10.877668
 -3.013719 0.462462 -10.202541
 -0.177778 -0.530799 -11.366367
 -1.662572 1.378292 -9.515703
 -1.913511 0.301709 -10.277711
 -4.888592 4.121033 -12.721306
 -2.146439 0.334353 -6.663541
 -0.332993 2.229927 -10.663464
 1.312307 2.953071 -10.498677
 -3.945717 0.642091 -9.869774
 -1.103284 1.883873 -11.021953
 -1.757476 2.060049 -11.505969
 1.169718 -0.529636 -11.344581
 -1.827011 0.930389 -11.048894
 -2.716656 1.232206 -9.327636
 1.556252 1.468956 -10.699346
 -2.563446 1.665190 -11.570432
 0.532671 1.868392 -10.658861
 -0.203383 3.125151 -10.138481
 0.450009 -0.065341 -11.085798
 -2.943927 1.168646 -9.124903
 -2.041149 3.101375 -9.422475
 -3.083211 2.617317 -9.575099
 -3.391853 1.049064 -9.293854
 1.022082 0.275768 -10.905185
 1.005420 2.361632 -10.500433
 -3.109226 3.062044 -9.420791
 -1.827853 2.920095 -9.205612
 1.554779 -1.345427 -7.559560
 -1.277895 2.753173 -10.218264
 4.916184 -2.614856 -11.151553
 0.500447 2.471458 -10.547170
 -0.752789 2.751645 -10.469441
 3.469969 0.069178 -14.147883
 -2.680160 2.887840 -9.717582
 -2.051353 2.347252 -10.089254
 -2.840669 2.429563 -9.666522
 -2.951314 2.035403 -9.510384
 3.205307 0.030657 -11.244353
 -1.488933 2.604648 -10.088589
 0.981209 1.380104 -10.778536
 -0.209616 2.932920 -10.470924
 5.290044 -2.711040 -11.004089
 -1.597985 2.083392 -10.137509
 -3.036816 -0.603309 -9.622140
 -3.049132 3.267935 -9.803731
 -2.149557 2.664022 -9.980232
 -1.052214 2.493398 -10.196509
 3.839903 2.395773 -9.034251
 -7.325117 4.136886 -18.032663
 0.799249 -0.101805 -11.123059
 1.861613 2.880678 -9.926627
 -4.249204 2.967203 -11.968473
 2.320215 2.437277 -10.864980
 0.352580 2.699426 -10.267534
 0.603147 1.504828 -10.718706
 1.249513 1.051387 -10.809804
 -2.612372 2.447357 -9.797258
 -3.549385 -1.230440 -13.523143
 2.449071 2.439988 -7.315485
 4.056676 1.987631 -9.339707
 3.365492 3.098414 -8.986754
 -0.147751 3.275729 -9.430007
 -1.166407 3.298854 -10.664720
 1.639525 2.884247 -10.492325
 1.267475 2.696208 -10.489719
 -2.160162 1.226617 -11.162509
 -0.836472 0.008514 -8.333931
 -2.610098 3.143560 -9.692276
 -3.482774 1.052812 -14.973823
 -0.644476 2.160336 -10.308964
 0.284541 -0.464346 -11.373384
 2.173911 -0.132254 -10.978716
 -1.650111 1.599708 -11.464749
 -0.928335 1.374372 -9.550238
 -4.139843 3.248791 -14.887283
 -2.454211 3.266005 -9.127313
 -2.139670 -0.285412 -8.249957